one	two
461.563	0.966
466.250502	0.968
470.938003	0.968
475.625505	0.969
480.313007	0.97
485.000509	0.972
489.68801	0.972
494.375512	0.972
499.063014	0.972
503.750516	0.97
508.438017	0.97
513.125519	0.97
517.813021	0.969
522.500523	0.969
527.188024	0.969
531.875526	0.969
536.563028	0.97
541.25053	0.97
545.938031	0.97
550.625533	0.97
555.313035	0.973
560.000537	0.976
564.688038	0.981
569.37554	0.982
574.063042	0.985
578.750544	0.988
583.438045	0.989
588.125547	0.991
592.813049	0.992
597.500551	0.994
602.188052	0.994
606.875554	0.995
611.563056	0.997
616.250557	0.998
620.938059	1
625.625561	1.001
630.313063	1.002
635.000564	1.004
639.688066	1.005
644.375568	1.007
649.06307	1.007
653.750571	1.008
658.438073	1.007
663.125575	1.007
667.813077	1.01
672.500578	1.007
677.18808	0.995
681.875582	1.005
686.563084	1.008
691.250585	1.008
695.938087	1.008
700.625589	1.011
705.313091	1.013
710.000592	1.013
714.688094	1.014
719.375596	1.014
724.063098	1.02
728.750599	1.014
733.438101	1.011
738.125603	1.008
742.813105	1.007
747.500606	1.007
752.188108	1.007
756.87561	1.005
761.563111	1.005
766.250613	1.005
770.938115	1.002
775.625617	1
780.313118	0.995
785.00062	0.992
789.688122	0.989
794.375624	0.988
799.063125	0.986
803.750627	0.984
808.438129	0.984
813.125631	0.985
817.813132	0.985
822.500634	0.986
827.188136	0.986
831.875638	0.985
836.563139	0.982
841.250641	0.981
845.938143	0.975
850.625645	0.957
855.313146	0.928
860.000648	0.882
864.68815	0.837
869.375652	0.8
874.063153	0.797
878.750655	0.813
883.438157	0.744
888.125659	0.797
892.81316	0.739
897.500662	0.77
902.188164	0.789
906.875665	0.819
911.563167	0.883
916.250669	0.924
920.938171	0.953
925.625672	0.97
930.313174	0.981
935.000676	0.985
939.688178	0.988
944.375679	0.992
949.063181	0.994
953.750683	0.994
958.438185	0.991
963.125686	0.988
967.813188	0.984
972.50069	0.976
977.188192	0.963
981.875693	0.952
986.563195	0.928
991.250697	0.898
995.938199	0.86
1000.6257	0.803
1005.313202	0.728
1010.000704	0.667
1014.688206	0.578
1019.375707	0.536
1024.063209	0.511
1028.750711	0.3481
1033.438212	0.375
1038.125714	0.274
1042.813216	0.225
1047.500718	0.194
1052.188219	0.183
1056.875721	0.174
1061.563223	0.206
1066.250725	0.142
1070.938226	0.206
1075.625728	0.188
1080.31323	0.219
1085.000732	0.28
1089.688233	0.34
1094.375735	0.492
1099.063237	0.529
1103.750739	0.565
1108.43824	0.614
1113.125742	0.7059
1117.813244	0.77
1122.500746	0.84
1127.188247	0.875
1131.875749	0.901
1136.563251	0.92
1141.250753	0.928
1145.938254	0.943
1150.625756	0.952
1155.313258	0.957
1160.00076	0.959
1164.688261	0.957
1169.375763	0.954
1174.063265	0.949
1178.750766	0.936
1183.438268	0.925
1188.12577	0.92
1192.813272	0.908
1197.500773	0.895
1202.188275	0.886
1206.875777	0.857
1211.563279	0.832
1216.25078	0.777
1220.938282	0.707
1225.625784	0.67
1230.313286	0.648
1235.000787	0.665
1239.688289	0.707
1244.375791	0.6459
1249.063293	0.62
1253.750794	0.636
1258.438296	0.652
1263.125798	0.7019
1267.8133	0.744
1272.500801	0.799
1277.188303	0.834
1281.875805	0.861
1286.563307	0.876
1291.250808	0.888
1295.93831	0.895
1300.625812	0.899
1305.313314	0.899
1310.000815	0.899
1314.688317	0.898
1319.375819	0.896
1324.06332	0.895
1328.750822	0.892
1333.438324	0.889
1338.125826	0.879
1342.813327	0.867
1347.500829	0.851
1352.188331	0.824
1356.875833	0.779
1361.563334	0.72
1366.250836	0.67
1370.938338	0.584
1375.62584	0.526
1380.313341	0.484
1385.000843	0.486
1389.688345	0.514
1394.375847	0.4501
1399.063348	0.588
1403.75085	0.531
1408.438352	0.504
1413.125854	0.5579
1417.813355	0.639
1422.500857	0.726
1427.188359	0.779
1431.875861	0.805
1436.563362	0.812
1441.250864	0.816
1445.938366	0.819
1450.625868	0.7811
1455.313369	0.787
1460.000871	0.854
1464.688373	0.863
1469.375874	0.87
1474.063376	0.872
1478.750878	0.875
1483.43838	0.89
1488.125881	0.902
1492.813383	0.911
1497.500885	0.925
1502.188387	0.936
1506.875888	0.941
1511.56339	0.954
1516.250892	0.962
1520.938394	0.969
1525.625895	0.975
1530.313397	0.982
1535.000899	0.984
1539.688401	0.986
1544.375902	0.989
1549.063404	0.992
1553.750906	0.992
1558.438408	0.989
1563.125909	0.992
1567.813411	0.992
1572.500913	0.992
1577.188415	0.992
1581.875916	0.991
1586.563418	0.994
1591.25092	0.991
1595.938422	0.989
1600.625923	0.991
1605.313425	0.989
1610.000927	0.988
1614.688428	0.988
1619.37593	0.988
1624.063432	0.986
1628.750934	0.988
1633.438435	0.989
1638.125937	0.988
1642.813439	0.988
1647.500941	0.988
1652.188442	0.985
1656.875944	0.984
1661.563446	0.988
1666.250948	0.989
1670.938449	0.988
1675.625951	0.988
1680.313453	0.985
1685.000955	0.984
1689.688456	0.988
1694.375958	0.988
1699.06346	0.986
1703.750962	0.986
1708.438463	0.986
1713.125965	0.984
1717.813467	0.982
1722.500969	0.984
1727.18847	0.985
1731.875972	0.985
1736.563474	0.984
1741.250976	0.984
1745.938477	0.984
1750.625979	0.984
1755.313481	0.984
1760.000982	0.984
1764.688484	0.982
1769.375986	0.982
1774.063488	0.985
1778.750989	0.988
1783.438491	0.988
1788.125993	0.988
1792.813495	0.988
1797.500996	0.989
1802.188498	0.994
1806.876	0.994
1811.563502	0.994
1816.251003	0.994
1820.938505	0.995
1825.626007	0.997
1830.313509	0.995
1835.00101	0.995
1839.688512	0.995
1844.376014	0.995
1849.063516	0.997
1853.751017	0.997
1858.438519	0.997
1863.126021	0.995
1867.813523	0.994
1872.501024	0.992
1877.188526	0.992
1881.876028	0.991
1886.563529	0.989
1891.251031	0.988
1895.938533	0.985
1900.626035	0.984
1905.313536	0.981
1910.001038	0.978
1914.68854	0.976
1919.376042	0.973
1924.063543	0.97
1928.751045	0.97
1933.438547	0.97
1938.126049	0.973
1942.81355	0.976
1947.501052	0.979
1952.188554	0.982
1956.876056	0.986
1961.563557	0.988
1966.251059	0.991
1970.938561	0.992
1975.626063	0.994
1980.313564	0.995
1985.001066	0.998
1989.688568	1
1994.37607	1.001
1999.063571	1.001
2003.751073	1.001
2008.438575	1.001
2013.126077	1.001
2017.813578	1.001
2022.50108	1.001
2027.188582	1.001
2031.876083	1.001
2036.563585	1.001
2041.251087	1.001
2045.938589	1.0014
2050.62609	1.001
2055.313592	1.001
2060.001094	1.001
2064.688596	1
2069.376097	1
2074.063599	0.9992
2078.751101	0.998
2083.438603	0.997
2088.126104	0.9952
2092.813606	0.994
2097.501108	0.9922
2102.18861	0.991
2106.876111	0.9881
2111.563613	0.988
2116.251115	0.988
2120.938617	0.985
2125.626118	0.9842
2130.31362	0.984
2135.001122	0.984
2139.688624	0.9853
2144.376125	0.9888
2149.063627	0.991
2153.751129	0.992
2158.438631	0.994
2163.126132	0.994
2167.813634	0.994
2172.501136	0.994
2177.188637	0.994
2181.876139	0.994
2186.563641	0.994
2191.251143	0.994
2195.938644	0.9943
2200.626146	0.995
2205.313648	0.9972
2210.00115	0.9995
2214.688651	1
2219.376153	1
2224.063655	1
2228.751157	1
2233.438658	1
2238.12616	0.9986
2242.813662	0.9978
2247.501164	0.997
2252.188665	0.995
2256.876167	0.994
2261.563669	0.991
2266.251171	0.991
2270.938672	0.989
2275.626174	0.989
2280.313676	0.9912
2285.001178	0.992
2289.688679	0.9942
2294.376181	0.9963
2299.063683	0.9983
2303.751185	1.0006
2308.438686	1.001
2313.126188	1.001
2317.81369	1.001
2322.501191	1.001
2327.188693	1.001
2331.876195	1
2336.563697	0.9979
2341.251198	0.9952
2345.9387	0.994
2350.626202	0.995
2355.313704	1
2360.001205	1.001
2364.688707	1.001
2369.376209	1.001
2374.063711	1.001
2378.751212	1
2383.438714	0.998
2388.126216	0.997
2392.813718	0.997
2397.501219	0.997
2402.188721	0.997
2406.876223	0.995
2411.563725	0.994
2416.251226	0.992
2420.938728	0.992
2425.62623	0.992
2430.313732	0.994
2435.001233	0.994
2439.688735	0.994
2444.376237	0.995
2449.063739	0.995
2453.75124	0.995
2458.438742	0.9969
2463.126244	0.997
2467.813745	0.997
2472.501247	0.9974
2477.188749	0.998
2481.876251	0.998
2486.563752	0.998
2491.251254	0.998
2495.938756	1
2500.626258	1
2505.313759	1
2510.001261	1.001
2514.688763	1.001
2519.376265	1.001
2524.063766	1.001
2528.751268	1.001
2533.43877	1.001
2538.126272	1.001
2542.813773	1.001
2547.501275	1.001
2552.188777	1.001
2556.876279	1.001
2561.56378	1.001
2566.251282	1.001
2570.938784	1
2575.626286	1
2580.313787	1
2585.001289	1
2589.688791	0.9984
2594.376293	0.998
2599.063794	0.998
2603.751296	0.9977
2608.438798	0.9955
2613.126299	0.992
2617.813801	0.9912
2622.501303	0.991
2627.188805	0.989
2631.876306	0.988
2636.563808	0.988
2641.25131	0.986
2645.938812	0.9853
2650.626313	0.9848
2655.313815	0.984
2660.001317	0.9836
2664.688819	0.982
2669.37632	0.9818
2674.063822	0.981
2678.751324	0.979
2683.438826	0.9783
2688.126327	0.978
2692.813829	0.976
2697.501331	0.975
2702.188833	0.973
2706.876334	0.97
2711.563836	0.9671
2716.251338	0.9626
2720.93884	0.9594
2725.626341	0.9557
2730.313843	0.9524
2735.001345	0.9466
2739.688846	0.9388
2744.376348	0.9358
2749.06385	0.9334
2753.751352	0.9309
2758.438853	0.9274
2763.126355	0.9238
2767.813857	0.9214
2772.501359	0.9179
2777.18886	0.915
2781.876362	0.9118
2786.563864	0.9049
2791.251366	0.8979
2795.938867	0.8925
2800.626369	0.8879
2805.313871	0.8814
2810.001373	0.8749
2814.688874	0.8674
2819.376376	0.8589
2824.063878	0.8495
2828.75138	0.8379
2833.438881	0.8215
2838.126383	0.8
2842.813885	0.7741
2847.501387	0.7233
2852.188888	0.6781
2856.87639	0.6562
2861.563892	0.5826
2866.251394	0.5434
2870.938895	0.4746
2875.626397	0.4465
2880.313899	0.4019
2885.0014	0.3795
2889.688902	0.3549
2894.376404	0.3412
2899.063906	0.3269
2903.751407	0.3062
2908.438909	0.3092
2913.126411	0.3437
2917.813913	0.3594
2922.501414	0.3657
2927.188916	0.37
2931.876418	0.37
2936.56392	0.3652
2941.251421	0.361
2945.938923	0.3548
2950.626425	0.3352
2955.313927	0.3157
2960.001428	0.2877
2964.68893	0.2797
2969.376432	0.2544
2974.063934	0.2447
2978.751435	0.2448
2983.438937	0.247
2988.126439	0.2442
2992.813941	0.2471
2997.501442	0.3014
3002.188944	0.3383
3006.876446	0.3767
3011.563948	0.4666
3016.251449	0.5439
3020.938951	0.6078
3025.626453	0.6908
3030.313954	0.7692
3035.001456	0.805
3039.688958	0.8839
3044.37646	0.9245
3049.063961	0.9537
3053.751463	0.9672
3058.438965	0.981
3063.126467	0.9847
3067.813968	0.9882
3072.50147	0.9904
3077.188972	0.992
3081.876474	0.994
3086.563975	0.995
3091.251477	0.995
3095.938979	0.9954
3100.626481	0.997
3105.313982	0.997
3110.001484	0.9977
3114.688986	0.998
3119.376488	0.9993
3124.063989	1
3128.751491	1
3133.438993	1
3138.126495	1
3142.813996	1
3147.501498	1
3152.189	1
3156.876502	1
3161.564003	1
3166.251505	1.001
3170.939007	1.0009
3175.626508	1
3180.31401	1
3185.001512	0.998
3189.689014	0.997
3194.376515	0.997
3199.064017	0.995
3203.751519	0.994
3208.439021	0.992
3213.126522	0.992
3217.814024	0.991
3222.501526	0.991
3227.189028	0.992
3231.876529	0.994
3236.564031	0.995
3241.251533	0.997
3245.939035	0.998
3250.626536	1
3255.314038	1.001
3260.00154	1.0015
3264.689042	1.002
3269.376543	1.004
3274.064045	1.004
3278.751547	1.005
3283.439049	1.005
3288.12655	1.005
3292.814052	1.0069
3297.501554	1.007
3302.189056	1.007
3306.876557	1.007
3311.564059	1.007
3316.251561	1.007
3320.939062	1.007
3325.626564	1.007
3330.314066	1.007
3335.001568	1.007
3339.689069	1.007
3344.376571	1.007
3349.064073	1.007
3353.751575	1.005
3358.439076	1.005
3363.126578	1.005
3367.81408	1.005
3372.501582	1.0039
3377.189083	1.005
3381.876585	1.004
3386.564087	1.0023
3391.251589	1.0033
3395.93909	1.001
3400.626592	1.001
3405.314094	1.001
3410.001596	1.001
3414.689097	1.002
3419.376599	1.0026
3424.064101	1.004
3428.751603	1.004
3433.439104	1.004
3438.126606	1.002
3442.814108	1.001
3447.50161	1.001
3452.189111	1.0002
3456.876613	1
3461.564115	0.9985
3466.251616	0.998
3470.939118	1
3475.62662	1
3480.314122	1.001
3485.001623	1.001
3489.689125	1.001
3494.376627	1.0012
3499.064129	1.002
3503.75163	1.002
3508.439132	1.002
3513.126634	1.004
3517.814136	1.004
3522.501637	1.004
3527.189139	1.002
3531.876641	1.0018
3536.564143	1.0003
3541.251644	1
3545.939146	1
3550.626648	0.9997
3555.31415	0.9974
3560.001651	0.9949
3564.689153	0.9914
3569.376655	0.991
3574.064157	0.9902
3578.751658	0.9908
3583.43916	0.9884
3588.126662	0.9878
3592.814163	0.985
3597.501665	0.9819
3602.189167	0.9768
3606.876669	0.9717
3611.56417	0.9621
3616.251672	0.9495
3620.939174	0.9289
3625.626676	0.9084
3630.314177	0.8797
3635.001679	0.8476
3639.689181	0.8111
3644.376683	0.7634
3649.064184	0.7274
3653.751686	0.725
3658.439188	0.724
3663.12669	0.6958
3667.814191	0.74
3672.501693	0.751
3677.189195	0.75
3681.876697	0.7699
3686.564198	0.7903
3691.2517	0.8688
3695.939202	0.9252
3700.626704	0.9527
3705.314205	0.9709
3710.001707	0.9848
3714.689209	0.991
3719.376711	0.9967
3724.064212	1
3728.751714	1.001
3733.439216	1
3738.126717	1
3742.814219	1.0004
3747.501721	1.001
3752.189223	1.001
3756.876724	1.001
3761.564226	1.001
3766.251728	1
3770.93923	1
3775.626731	0.998
3780.314233	0.998
3785.001735	0.998
3789.689237	0.9987
3794.376738	1
3799.06424	0.9993
3803.751742	1